
#pigtail
-155.8055001006238 0.0
-146.34042174716652 2.1448349361621126
-136.93647010762874 4.731786293911853
-127.47139175417148 6.876621230074022
-118.01762420369991 9.113420349607566
-108.58098134099802 11.489454316412207
-99.09416388541263 13.36640086694598
-89.55278500455164 14.700624114630216
-80.12064113561982 17.063679363186395
-70.71137950876303 19.642251436273
-61.30211788190627 22.220823509359604
-51.800064461340384 23.955580974366853
-42.26909312334567 25.427369482893027
-32.71196011728205 26.498754706359477
-23.147192826321486 27.453297504343993
-13.58242553536087 28.407840302328452
-4.00114575578516 28.883672078645247
5.585040553924415 29.219239705920927
15.167800248816633 29.710354486244455
24.75282705844208 29.928368752005156
34.34117144471577 29.746742066019635
43.92951583098946 29.565115380034
53.4564398239512 28.402853460958056
62.85744390938106 25.79024157212382
72.22351562436774 22.922145290499145
81.35030675229257 18.886333816047454
90.49701075194776 14.89748101079823
94.19449989937618 6.029133608945642
90.27497915495712 -6.044033586629496
84.65195536160189 -16.87568475427355
78.9009249276458 -27.576158043645535
72.15567791228369 -37.05159411358352
65.24903881367885 -46.328168775864555
58.22330664092158 -55.42798074987854
51.025635069192106 -64.25859607160376
43.66701076659254 -72.83275574978194
36.16961473901449 -81.15776991229538
28.39162895801354 -88.97902382525064
20.36964057165042 -96.23540364470188
11.775436626599657 -102.16708553921549
3.0668587702811863 -107.70713292886279
-6.266563986531054 -110.77466953169142
-15.300849362549911 -111.7039894214245
-19.576716811526012 -99.99502587053667
-20.849317592752612 -86.80671910728793
-22.056978531097542 -73.60690287221132
-21.929316921276495 -60.23866820466125
-20.656791515635206 -47.00576547452772
-18.135445560658496 -34.206288579251634
-14.209464904318793 -22.018243796809486
-10.401505813719183 -9.767228698495956
-5.725016179788696 1.907091628229125
-0.4887160372116739 13.109034858293398
2.8310833691078017 25.591966487744116
8.456885066337719 36.42022351972548
13.85004963627236 47.44081767887127
18.939424109246374 58.751677425187665
24.280817931297378 69.83257210344544
29.732897288977256 80.79266688727859
34.63424750985811 92.28006882427496
38.66639306742431 104.21235024233249
43.47074846988497 115.66792334033113
47.84653574719317 127.38806506309282
52.055679300808265 138.29601057857548

#pigtail
-141.12577322992118 2.8421709430404007E-14
-130.7659969399304 -3.580719982930276
-119.72248080865538 -3.083191521761904
-108.68069264577943 -2.493138212416568
-97.64009322499574 -1.866776260191216
-86.59949380421202 -1.2404143079658354
-75.54830362412261 -1.1431444978777279
-64.54564761702856 -0.09291102857170586
-53.574512062814705 1.5851052471395803
-42.566765300840984 2.5339477752294783
-31.51796006180109 2.7028665499502154
-20.493507828201643 3.681143687044056
-9.479308938356894 4.824865823125577
1.5322557111813069 6.01109330139289
12.562051188464181 6.691661323483913
23.61317316798977 6.802865782028164
34.65981221485745 7.228189270769377
45.70645126172511 7.653512759510676
56.75335942664631 7.399899000859307
67.79872240690733 6.928151495821822
78.84274499811806 6.406127986784355
89.80546257206981 4.783082619263695
100.59697373221405 1.8115248206735828
108.87422677007879 -4.901637395388178
101.36730532609795 -14.948424078154318
92.86229449336804 -23.83261395141531
84.0158396068083 -32.14304584196532
74.65744369466631 -39.536755327979535
65.12354005557799 -46.5741401519696
55.421740608770506 -53.19604716772008
45.29003193294167 -58.75409352701806
35.30768134405042 -64.7248473384571
25.32784236849872 -70.70254125982498
15.153476024759698 -76.11545838287027
4.754160105993407 -80.78358553237781
-5.871648107127157 -84.60932268656993
-16.590983206985896 -87.72089041848983
-27.466870366698544 -89.68677435453279
-38.46843554186091 -90.992960387525
-49.41263112414666 -90.46349965669211
-60.44606089216448 -89.79714681872993
-66.88694007552597 -82.9420851806035
-62.320417457524655 -70.27781611773283
-57.509976280718746 -57.75784750568951
-51.72633695623705 -45.902216334484194
-46.19850882270498 -33.85441746807061
-40.78769184610624 -21.722378090747554
-35.32268679124812 -9.629545152389
-29.712096178699113 2.357755552021956
-24.027448977407317 14.28968290476081
-18.31656639252438 26.20168207630121
-12.290888904984456 37.85350820069749
-5.848973621035526 49.15909395000489
0.7700821590855185 60.29548638449566
7.732368637099853 71.09966724099323
14.928017902455167 81.66018294786144
22.123667167810567 92.22069865472966
29.635515188721598 102.42021551703473
37.21804675039334 112.54139251779188
44.71445600975153 122.76104174563332
52.823534857750246 132.21447099997536
60.902786701328466 141.70355860111377
68.10820337882063 152.24087159014547
72.48242986536124 159.00703961247504

#pigtail
-148.87676772517327 -1.1368683772161603E-13
-137.71339777097813 -0.7376229953541156
-126.54912592650396 -0.38934347833037464
-115.40611369728889 0.5492976195720303
-104.28461857614896 1.7041154447194344
-93.16312345500903 2.8589332698668386
-81.97518856762144 3.1020108956379318
-70.79856063957376 3.5822681763708033
-59.63397845889409 4.30420164338841
-48.46939627821442 5.02613511040596
-37.29168871816094 5.463738667228938
-26.100759258056684 5.614921424551028
-14.9250282232004 6.095341666196759
-3.760446042520698 6.817275133214309
7.404136138158947 7.539208600231859
18.574004329781275 8.179890738256518
29.75251235484589 8.687769906879339
40.93938902001801 8.751222923423086
52.13031335755821 8.599719694710018
63.293730600411976 7.863102594396878
74.45710055460708 7.125479599042876
85.46315158418409 5.5004395961585715
95.91673809339105 2.0612540803484194
100.61341402727439 -7.027387847176499
101.12323227482673 -17.107166437136016
99.25601596522156 -27.23941697003994
96.23063625971233 -37.144335370482
92.81990518535272 -46.939041609399
88.90186266589726 -56.57721477264721
83.13239953891534 -65.34837015545867
76.68759697082723 -73.76030224201597
69.9461057606301 -81.95394123641918
62.477919268715226 -89.57717711140435
54.231753832781266 -96.49267573470945
44.24468251534964 -100.98299680675186
33.99964273173174 -103.18786548636541
23.54965227203914 -100.83012815538234
14.721073914865514 -94.59105788752919
7.901435659211643 -86.4722407743154
2.796712796168265 -77.31655263963873
-1.5645146399882606 -67.84174044780809
-5.637016485968758 -58.25296896789877
-9.67052504383804 -48.6500822503742
-13.704033601707323 -39.04719553284957
-16.772330866823438 -29.157852954322834
-20.01405397668347 -19.3088548525879
-23.483299307920532 -9.521249063957157
-26.164877995244126 0.439241834585971
-28.040695587373904 10.582160940721792
-30.763852063406006 20.567453440603572
-33.48700853943811 30.55274594048541
-35.12341705082949 40.73278026008063
-37.98868062704801 50.67533894819911
-38.41744816303691 60.80334162036718
-36.880236102251956 70.95093275125043
-33.270117303083566 80.66297725141789
-28.851106168558317 90.12123253666277
-24.43209503403307 99.57948782190772
-18.685561165149778 108.40754621287329
-12.392505434282612 116.90987734244425
-5.49917025002307 125.00948385413545
1.840394131585839 132.78147123165434
9.315584616893034 140.4402484947272
18.069642323072316 146.8121345136346

#pigtail
-139.03131142021374 0.0
-129.2489967812554 0.03799311151692564
-119.53171851446953 2.3055873065399055
-109.86567367631332 5.152934185899653
-100.26915682580704 8.56696648781292
-90.79807055374042 12.956878205712883
-81.32698428167384 17.346789923612732
-71.85589800960713 21.736701641512695
-62.39007497224827 26.15890792138532
-52.98220666554778 30.936717313176928
-43.57519820978263 35.71955753142288
-34.17150907580003 40.52181847847919
-24.76781994181738 45.324079425535615
-15.36413080783467 50.126340372591926
-5.883803554757549 54.44220337649233
3.6335731587851683 58.52292515330669
13.13682553905926 62.69798825917121
22.60791181112586 67.08789997707117
32.078998083192516 71.47781169497125
41.55008435525917 75.86772341287099
51.08100788159544 79.77490934835396
60.763509912998984 82.45926423402852
70.4762864839758 84.79457007973292
80.18967752192782 87.1227914541031
89.96517070559037 86.72325325492807
99.75445366058574 85.71801648705355
107.96683424393439 79.07582356569685
110.96868857978626 63.31220468224387
109.23889565167309 46.77870004434101
105.80577578156641 30.97881332735426
101.33021463000745 15.916823121700531
96.88758166235101 0.8260235593766083
92.01594835580363 -13.79465838260603
86.10128197255011 -27.29689782468313
79.96505765631616 -40.47649298947613
73.31570071070371 -52.91429337100169
66.97624640114839 -65.82941535767691
59.018754019605694 -75.41664927342424
51.391100483122216 -85.95486619937321
43.727477689076125 -96.50959557553017
35.69253612885842 -106.03275667878262
27.009295250622756 -113.83231140326996
18.218549584328287 -121.26327141148323
8.956073044935522 -126.8177409458163
-0.6594986603529946 -129.27326867400637
-10.457521751438321 -129.92371188800706
-20.24809365545218 -130.7198818330977
-29.86078647814577 -127.58432067033527
-37.78368088130213 -117.88808638924479
-43.718260189364 -104.52428086288319
-48.38980682771165 -89.64227590674238
-51.37687164607911 -73.52089483789496
-53.48764734984849 -57.119649641102
-53.61569758768081 -40.277431686736236
-52.383458326961545 -23.483895008774425
-50.17403017644364 -6.992517692008391
-47.95247928365956 9.495111117076817
-45.70427042905527 25.970628270788097
-42.93561485456985 42.20968806312567
-40.08207297708094 58.40114859754169
-36.793458017837224 74.3486456761309
-33.504843058593565 90.29614275472011
-30.920081108456714 106.61866491967191
-28.712784409589744 119.2801181669023

#x
-148.72709367873745 1.1368683772161603E-13
-137.62757774412884 -0.3790880826350076
-126.73635430479669 -2.8234409263433236
-115.8416564531411 -5.377044097995167
-105.03534910580831 -8.393480855209987
-94.22228276678575 -11.374525933391624
-83.25368267973661 -13.54115952216398
-72.42460375113725 -16.36636767934675
-61.74877046357602 -19.91493337619528
-51.07293717601482 -23.46349907304375
-40.46702506283367 -27.256411426088164
-29.90096489965478 -31.18346029341643
-19.127151069384155 -34.34144525089715
-8.353337239113557 -37.49943020837787
2.507940797997037 -40.21227205053901
13.292364757481664 -43.01596331131691
23.696684466546174 -47.13441958585719
34.66528455359531 -49.3010531746296
45.34543931591372 -52.78055344410791
56.33983351665955 -54.685853137476215
67.39753218640323 -56.171972395835155
78.49241269111337 -57.27443294174833
89.61145795034855 -57.99594270472841
99.78910729591513 -56.52961645376854
101.27290632126255 -44.438826275149324
100.08774434589174 -32.15157643725968
97.55885764274234 -20.05211376906999
94.41245955581195 -8.126825634750503
90.84362196590519 3.6533158823187932
87.02597783174252 15.32587598475385
82.55646082382714 26.71657289854238
78.08694381591164 38.107269812330856
73.61742680799625 49.497966726119444
69.14790980008075 60.888663639907975
63.52681861346781 71.61809901279952
57.6825085397046 82.20319742967672
52.30393307636757 93.05360070940839
47.0657024145093 104.01029051194462
42.42187276181835 115.298683377989
36.329533292769725 125.69300464550446
31.98170271040857 130.35350390328193
29.10313944908495 118.46915265461809
23.84679800410737 107.52506638748702
18.91850610345176 96.38029484256134
13.320735101959428 85.62919235641027
8.056354400385715 74.67521108251782
3.05751114211364 63.56255652696086
-1.8442224767193807 52.39565763110062
-6.686502764445095 41.19649352089016
-11.524428202950446 29.99496604195099
-16.362353641455854 18.79343856301176
-20.90634195299299 7.441645494559737
-25.39760488642895 -3.9356504176207068
-30.614249426925568 -14.923288238390683
-35.83089396742224 -25.910926059160715
-41.04753850791889 -36.898563879930634
-46.38891284296807 -47.81106556397748
-51.83182697094858 -58.66039798784391
-57.3801458675066 -69.44362739654832
-62.928464764064614 -80.22685680525274
-68.91611644972815 -90.7122939079033
-75.11722088779084 -101.04139748088869
-81.16003739930605 -111.48744776106861
-84.88783464887274 -119.64649609671804

#x
-123.68613329077508 0.0
-110.70588564208492 -1.983047556020125
-97.6811008622654 -3.8464418979386323
-84.78663008350208 -6.1916884191477095
-71.71938306219981 -7.9375695948443195
-58.601192467885255 -9.479706300809141
-45.48300187357066 -11.021843006773963
-32.344290032957275 -12.461888822963886
-19.190482620222554 -13.826835867515513
-6.030889678681916 -15.148918750824095
7.226510883800671 -15.746358861540159
20.45704953290098 -16.590446995078338
33.67173788269534 -17.58007371811749
46.89823261999942 -18.438541781665464
60.172928529663324 -18.761536894877253
73.42192561758586 -19.421203380651463
86.679629898598 -19.966799942204347
99.94698048844006 -20.347013462899383
113.10965126876377 -21.582772831092996
126.31386670922492 -22.53237461961939
124.7780824812996 -13.69627439329318
119.7100716563032 -4.5969803033767676
114.16282130202293 4.356808542260495
107.32885631520608 12.79658063406049
101.29613216406378 21.57433747590744
95.30054837210892 30.36760416895092
88.70762352594991 38.921125404314665
81.72114877382634 47.29963518612192
74.57926299415865 55.608152744448034
68.19732390325888 64.2306312218445
60.75001755573436 72.36240700059093
53.7095041639532 80.64979257173826
46.6545790607241 88.9312562834848
38.8483355848017 96.9039987316686
29.77411053651943 103.99899757387016
21.967867060597058 111.9717400220539
17.478016059596058 105.05516624467629
11.376667910701713 96.3025102396407
6.090188396389124 87.26331878436741
0.9700768852039232 78.17054132907268
-3.995298955478802 69.03090976637151
-8.725029593652152 59.82518088037099
-13.028890711298118 50.50245966258254
-17.332751828944083 41.17973844479411
-21.798892404533717 31.90060188398428
-26.535288189917793 22.694049868161443
-31.271683975301897 13.487497852338635
-36.00807976068603 4.280945836515798
-40.359526136683684 -5.028497459369447
-44.624636791978986 -14.361017015671194
-48.88974744727432 -23.693536571972913
-53.006454410785125 -33.06211405691181
-57.007912207197705 -42.458693852256474
-61.196488774825866 -51.80980904211846
-65.4615994301212 -61.14232859842021
-69.72671008541654 -70.47484815472194
-73.53262473096734 -79.90805685723014
-76.7902491519881 -89.46149063445526
-80.81774250258673 -98.8506936093564
-84.89646611055043 -108.22896798856146
-88.97518971851419 -117.60724236776655
-91.1141326534071 -127.32954548630863
-93.19262785288578 -137.06256927987295
-92.78273509495224 -138.0282599779461

#x
-161.7782530949969 5.6843418860808015E-14
-155.0981821721877 4.62351459792842
-147.8859322915883 5.674097291212547
-140.65380427466494 6.526501332021553
-133.41259511905054 7.072379491390052
-126.16715193296722 7.475341661291623
-118.9217087468839 7.8783038311930795
-111.67626556080057 8.281266001094536
-104.4294514306821 8.46937410414182
-97.18059302445965 8.337103677174014
-89.93173461823721 8.204833250206093
-82.68287621201478 8.072562823238059
-75.43401780579234 7.940292396270138
-68.18564305542384 8.12271320483319
-60.93729145595859 8.320197175172666
-53.68901977540878 8.525690890225405
-46.440951302400606 8.751550754209006
-39.192882829392374 8.977410618192721
-31.944814356384143 9.203270482176436
-24.696745883375968 9.429130346160036
-17.448980665682313 9.675447865639853
-10.203537479598992 10.078410035541424
-2.9580942935156713 10.48137220544288
4.291079891745596 10.483065985076564
11.54034889263204 10.474562358741082
18.789617893518425 10.4660587324056
26.02634218369076 10.931167248969132
33.24545109111125 12.061325710734991
40.4263869466692 13.692417169550708
47.57356615835215 15.766486487393081
54.57562869031415 18.953043114563457
61.56012100479876 22.27429579461591
68.71446544926363 23.584708609967606
75.77555045246817 25.25306913769907
82.41529844319695 30.23080115392372
88.22174690500304 36.91361135413126
88.17001516309864 48.79275142252777
85.37185992304063 60.17540480248215
81.66118584869474 70.82959624687669
77.00883317737015 80.2941521328903
71.71117987852728 87.93603770031143
64.71601269543919 88.07093636924219
58.00285325096513 83.43636276842108
53.2995966834477 74.07207621796601
49.47108401141344 63.622369336944075
46.61837379850721 52.22945581378315
44.4209556657982 40.41085884642973
42.40682726471442 28.504533462391464
40.70039675956667 16.450933874892485
38.993966254418694 4.397334287393392
37.323369923077735 -7.6651631642756115
36.95639436829066 -20.051358342633023
36.58941881350353 -32.43755352099055
35.46855775734241 -44.68234733474668
34.258167917262085 -56.91034882102821
33.04777807718165 -69.13835030730979
32.28801277109079 -81.46786577624368
31.606899115203078 -93.81509941552133
30.040925875385028 -105.90081139136583
28.891244583337937 -118.08552914868375
28.52426902855086 -130.47172432704116
27.835865519938295 -142.81165867667363
26.753851917573627 -155.0613063178127
25.657027335963733 -161.9290636307578

#u
-149.3907503288336 0.0
-142.98170506265956 4.515558828102627
-136.87424918307224 9.726461397587258
-131.09265764527387 15.499983657997802
-125.0969462153923 20.981904816110642
-118.82520636916855 25.97919606957322
-112.7899775322983 31.394979965271773
-106.51477004594166 36.400614209934275
-100.36617149039681 41.62224768596977
-93.93366359512413 46.16955589562804
-87.96263133403235 51.664805465299054
-81.50364983849514 56.17250820501698
-75.33264420335266 61.31791073759172
-68.89230255055631 65.85278136102531
-62.71783216550742 70.93841242076442
-56.5420965179449 76.04961969938884
-50.68416202174866 81.66320210915254
-44.841296315662035 87.26014952571902
-39.673373188609986 93.81841802253271
-33.818129311961656 99.48914556432962
-27.86934767910664 104.99879843957356
-21.545625451939813 108.17040766297842
-15.208765348085521 103.64658721394969
-9.824994265329934 97.32844616213688
-4.348496810100983 91.09121736815442
1.1723996818190585 84.9123765948656
6.6675771784380515 78.7056064626698
11.717119265519017 71.95780318196168
16.766661352599954 65.2099999012535
21.816203439680862 58.46219662054543
26.865745526761827 51.71439333983727
31.915287613842764 44.966590059129146
36.9648297009237 38.21878677842099
42.01437178800464 31.470983497712865
47.063913875085575 24.723180217004767
51.88960970186719 17.742475008402522
56.604199008483505 10.646168481674664
61.422626240296125 3.657900628161258
66.47216832737709 -3.0899026525468685
71.03717516231836 -10.325784096475218
75.24585483166618 -17.855186418585674
79.42227506855625 -25.423567230676497
83.67430780967351 -32.938234523106075
88.35829542324794 -40.042432752417795
93.0158431142429 -47.18712408190419
97.00446616912913 -54.908475426743166
100.60924967116642 -61.885966404870004
93.90285378383223 -65.73123518438037
87.190386681229 -69.80376526472392
80.95785961739836 -74.8846935863935
74.43910394084199 -79.40793247478557
68.3270045725144 -84.68054136765495
61.92464227713086 -89.44271635594947
55.571977246929066 -94.30095017508441
49.44050198795205 -99.5567325560238
43.21283587079881 -104.6244186178145
36.683253791913074 -109.08623667627191
30.552171778207196 -114.34305607025996
24.146947908443053 -119.07194757390091
17.752808868959335 -123.81223318335799
11.414875774480151 -128.66024886875243
4.978375183457217 -133.30138087204983
-1.4515157100375404 -137.94701850368082
-8.132819054153487 -141.8295923370216

#u
-166.39920585320786 5.6843418860808015E-14
-159.68201563346153 8.161574766581282
-152.35061170437393 15.117865983865727
-144.67071247434777 21.303631825481034
-136.81641308440805 27.047283680637975
-128.96211369446837 32.790935535794915
-120.92801809451038 37.99196449169892
-112.82290367709969 42.978659471242906
-104.71778925968901 47.96535445078695
-96.61267484227835 52.95204943033093
-88.38641923664535 57.51224883555955
-80.12740996016015 61.95713407005849
-71.86840068367495 66.40201930455737
-63.60939140718975 70.84690453905631
-55.229653526176406 74.80093698031254
-46.829150088977386 78.67054178077211
-38.52940081179503 82.95685434069031
-30.237772389004135 87.27675383178621
-21.946143966213214 91.5966533228821
-13.789107243205763 96.39772385534405
-5.621552060104051 101.13733050139996
2.8551827653772364 104.6534626794774
11.331917590858552 108.16959485755484
19.975063184077726 110.70304550584308
28.47174501947356 114.12008779171515
37.06915589446254 116.95766796167311
45.76489790074683 118.91144943575438
54.57094356131205 119.78374055256131
62.375546934450796 117.8401991736871
68.58156954436632 109.28221563976012
71.62048294911301 97.8088144213433
73.7382970217883 85.61526460064312
74.54641148690709 73.12151980867264
76.3204612449569 60.801549794559946
78.0333142369183 48.47153151190827
78.27347394420929 35.89970277838074
79.02031840880622 23.38451012838243
80.0497585103009 10.897080912899298
80.71703929678625 -1.6434296490646148
81.3843200832716 -14.183940211028528
82.3208042902011 -26.68156150960033
83.60079414679214 -39.12366338667107
83.57946575453522 -51.70010920248569
83.5581373622783 -64.27655501830026
83.19737295308178 -76.83888967186567
82.26373745534201 -89.34312266803965
79.81303312904896 -101.07351555137859
75.84793391003117 -112.29106785172922
70.06419631104373 -121.66474297034654
62.153097276449614 -127.02487399867073
53.41560254166606 -128.81717592339544
44.628322649023914 -129.69221402571037
35.80143275262313 -129.95423673657456
26.97454285622237 -130.2162594474387
18.173155154020378 -129.2335179429573
9.365699898324834 -128.50102215103772
0.5373926433662461 -128.63473430200884
-8.290914611592342 -128.76844645298007
-17.104653621509584 -128.59128515719368
-25.84215256188355 -126.78722829968336
-34.64833394097718 -126.18200482904268
-43.475560723298486 -125.94412317823014
-52.08271063815222 -123.7625952651207
-58.41343487383028 -121.35554315309514

#u
-136.77405887999612 5.6843418860808015E-14
-133.9979202719085 9.933646059016098
-131.29660320778038 19.954833973923883
-128.2913759142044 29.61894585565011
-125.11303421104691 39.02053966304118
-122.02404865276543 48.51809631197642
-118.62989011292844 57.562797542654494
-115.23683382724964 66.60861782171628
-111.47389289075385 74.97382538826076
-107.32464331205311 82.37817515855477
-102.86365898799312 88.98817766800488
-97.80772204766191 92.98202616189758
-92.39360315014535 94.05457524700387
-87.03495476453539 92.22894615245173
-81.76089650642541 89.40369326946131
-76.52272224077271 86.28592870292766
-71.28454797511996 83.16816413639407
-66.08670365761411 79.76569511735812
-60.914883650037865 76.17951059035067
-55.743063642461635 72.59332606334323
-50.57124363488538 69.00714153633584
-45.39942362730915 65.42095700932833
-40.235260498925015 61.786871231734494
-35.11274759294528 57.892222672579976
-29.990234686965607 53.997574113425514
-24.89335083048786 49.95444228097773
-19.808832825426634 45.839668224918455
-14.724314820365379 41.72489416885912
-9.63979681530418 37.61012011279985
-4.555278810242925 33.495346056740516
0.45606134421464617 29.00209939249487
5.423391532939036 24.28123513112365
10.390721721663425 19.56037086975249
15.45298099105446 15.339183867926636
20.56087525660746 11.358205342380359
25.66876952216043 7.377226816833968
30.7271623136522 3.119602763417106
35.78065637371054 -1.1653984978300969
40.83415043376888 -5.4503997590773
45.88764449382728 -9.735401020324616
50.920064639623604 -14.127005424541096
55.88739482834799 -18.847869685912315
60.85472501707238 -23.568733947283476
65.7451420247497 -28.634647469976642
70.59869594582173 -33.86593681811377
75.45224986689377 -39.09722616625089
80.30580378796586 -44.32851551438796
85.2470719345458 -49.16629976617003
90.21440212327016 -53.88716402754119
95.1458879100077 -58.763743225450355
99.93608650450071 -64.254101003958
104.72628509899377 -69.74445878246559
109.38029117400768 -75.72749236502045
113.22594112000385 -82.69103764113322
109.93953854854854 -91.71669026640348
105.81819399304598 -99.17990847447038
101.49582484386056 -106.21730727369624
97.01711922500172 -112.79027041815846
92.64258772291552 -119.67830916556562
88.35487752013901 -126.79151985197939
84.40057717560919 -134.75232364927436
80.21075255694083 -142.14318403869382
75.74167539865718 -148.71631346894057
73.06193910218641 -155.94542475299613

#x
-146.69476224655074 1.7053025658242404E-13
-139.00542284205733 2.9320619992328716
-131.20419611981774 2.836869338404938
-123.41246203044449 3.334213571401392
-115.63566959747894 4.764226622525143
-107.84005663511034 5.4264683029260254
-100.04320873005933 6.038331292284113
-92.24588814188434 6.521854334130467
-84.44566480177312 6.217240435511087
-76.64606364502147 5.8551857638985325
-68.84902908040692 5.25617998448115
-61.051994515792344 4.657174205063654
-53.254959951177796 4.058168425646215
-45.463884579657545 3.221075138158369
-37.68904182179864 1.7354406010515504
-29.914199063939748 0.2498060639447317
-22.123358516220804 -0.593564728784088
-14.326180709790464 -1.1825134079177815
-6.529728800109069 -1.8159113526902502
1.264444685571931 -2.5888253839942763
9.058618171252931 -3.3617394152981888
16.85279165693393 -4.134653446602215
24.64696514261496 -4.907567477906127
32.42475923095117 -6.2113819096237535
40.187423826659995 -8.005583962134267
47.95689557638721 -9.6067274770258
55.742695292901345 -10.744791505003604
63.52849500941551 -11.882855532981296
71.31429472592964 -13.020919560959157
79.09596401710127 -14.29536316603128
86.87566167136504 -15.619807868142743
94.67410519291298 -16.111011945565963
102.32955255892603 -18.68415322644688
103.30523775344926 -2.5359430115370856
102.46062662436015 15.20974433377529
100.91371710212331 32.893626748372526
98.4472882286397 49.83260837240482
94.72379654807509 65.68709362877775
89.17318220203904 78.15735328195063
82.38235372248587 86.71889849140024
74.66394261600462 89.3425286478265
66.89457253315408 89.86411713802829
59.09993537501896 90.39694804443832
51.437162398434396 87.093838644257
43.767374181920246 83.79765137204606
36.55705931273525 77.53140770815543
29.90360507826233 68.1747355742408
23.641357678981905 57.43071858435144
17.682540856324806 45.785780069403074
11.749839999891947 34.081577711487
6.8285250058020495 20.082280758528555
1.6352760781681752 6.631300226242388
-3.690851320326317 -6.551749612080073
-9.016978718820837 -19.734799450402534
-14.343106117315273 -32.917849288724994
-19.37914904245841 -46.66703660924895
-24.102741819269767 -61.026010928181904
-28.94176351826232 -75.17729336378505
-33.79850627014157 -89.29669021318432
-38.494004734102774 -103.68030062140917
-42.64351577327686 -118.95856151579778
-47.20320136028646 -133.59185459404446
-50.8780620303351 -149.3079928832817
-52.352407521111346 -159.60305195556168

#x
-158.8206922874008 1.7053025658242404E-13
-149.77743511733368 0.6938247291487301
-140.7584740214502 1.7805464478888098
-131.74600977504653 2.9307902485414843
-122.73278291945624 4.073721250042581
-113.71705054794666 5.192626400541997
-104.70131817643707 6.311531551041412
-95.68558580492748 7.430436701540771
-86.74583480615576 9.12530999786054
-77.81179934183149 10.863440779929647
-68.77672901289958 11.774835855199171
-59.74234773792364 12.69433811902951
-50.70988087576512 13.636364752046006
-41.67741401360661 14.578391385062503
-32.63811845682079 15.436535370036609
-23.681836368112727 16.98704761445896
-14.747914590366804 18.726108657127497
-5.734312013345175 19.83746665753341
3.274809304521625 21.001178086933862
12.25342736642284 22.43575587026163
21.232045428324057 23.870333653589455
30.21972220175502 25.232320662941333
39.21848602972415 26.505463042745873
48.25587011313405 27.357114171172896
57.248694592959964 28.594626302021936
66.19570997182615 30.25045030190165
75.15550064310469 31.818252288946496
83.99588342366337 33.98133674177831
91.17930771259921 37.628004687740315
85.78006785011092 45.51762150750477
79.20610661391459 52.38759896317856
72.15371949208588 58.65231184632199
65.39047387248866 65.27486074401162
58.50182011513027 71.7318582354527
51.05220455318141 77.42061686429747
43.4711221399221 82.77567569725426
34.73396828426769 84.71636725579316
25.83970747984148 83.08591576944377
17.475634020978703 79.35237750572395
12.432287480485684 71.24382679455408
9.971053722050499 61.6925664879181
8.781053040493646 51.81086156952978
8.10414786631759 41.870808989867214
8.18669526557187 31.91002614523012
8.494567937085833 21.951248947687986
9.473770267190162 12.04163756738177
10.327407120894861 2.1184031296296553
11.131465390927644 -7.810210269862694
11.935523660960428 -17.738823669354986
12.807712022877865 -27.660492321292566
13.842963465320452 -37.560500602925515
15.1487672858525 -47.424559655334406
16.454571106384492 -57.2886187077433
17.580875769718716 -67.17707529139489
18.50260665502725 -77.09333754956197
19.47958630408027 -87.00320614943601
20.89847609353768 -96.83926118694956
22.648474547675335 -106.61992428202137
24.214709068672448 -116.42766663080019
24.872622791529977 -126.36925814638633
26.4943479562898 -136.17377241075292
28.117759459710555 -145.97997467291393
29.022708614994542 -155.85242205690525
29.447101763217972 -165.2836327442068
