
#pigtail
-161.38192714422564 5.6843418860808015E-14
-150.5764385965317 2.2934052305982253
-139.82744545503087 4.817967398019283
-128.9971950247358 7.010056763881862
-118.21431507012535 9.42252951735146
-107.40577471755404 11.674932775857444
-96.42904879440144 12.94421138153243
-85.64053751078119 15.248159659129906
-74.92000115901635 17.925785566780792
-64.18884657998048 20.547333269265227
-53.23151002741912 21.974342675238923
-42.25474090125981 23.212330867817755
-31.236258655009546 24.044574317718336
-20.217776408759292 24.876817767618988
-9.177321409767126 25.19456716056219
1.8712631478012862 25.34462963209633
12.917149737356173 25.641226364253125
23.95778296884736 25.31113062652907
34.99714509863322 24.829400475630774
45.941850621471026 23.701126717444332
56.53010717492763 20.567535045866787
67.01261312478313 17.07230269563903
76.91001860861901 12.201970879115407
87.00912999227839 7.737609435236509
87.28291260544462 -2.276923355969519
83.52711586001749 -12.592702334916538
78.31068463756361 -22.33363790202996
72.9485578743518 -31.995272170935102
66.62064857175673 -41.02311641106523
59.89093659898837 -49.78727963035849
53.05779083525648 -58.47001031436724
46.0548187590575 -67.01535870539217
38.7284249546448 -75.28721061373156
31.391735182227084 -83.54923792816835
23.47204786855084 -91.25495872666801
15.548191872752994 -98.95550883216009
6.33780230573331 -105.0602859939056
-2.9483589473721405 -111.04853169490235
-13.4330611307521 -114.45048555926121
-23.08729675604872 -114.57684554068184
-26.72689735111132 -104.26829932155765
-27.77186841517823 -93.30326587233422
-28.81884248489687 -82.33096984652673
-28.910298599204193 -71.28647501774722
-28.546836420662576 -60.246246601098825
-27.137219622490505 -49.28665898781949
-24.722736479695154 -38.55129123445046
-21.301577226068087 -28.068072919102153
-18.133531551071375 -17.482088469275617
-14.04551963272036 -7.223891823385057
-9.547043981597277 2.863882402464265
-5.430122117844517 13.048076976062466
-2.008511819727204 23.500603871577887
3.2492895867243408 33.21824232585753
8.193165309534328 43.08035242184339
12.717460154967428 53.15611916464176
17.81813147488806 62.94272068169463
22.780418495663582 72.80106640591393
27.359320009867698 82.83712910912254
31.25097464864612 93.11913886007339
35.67289654214549 103.152267173104
39.50667373401471 113.46551219088043
43.50987523673109 123.66165905474054
47.51952442837375 133.33203487728582

#pigtail
-139.47018145881773 0.0
-128.55952062549633 -3.2472373492053257
-116.73517940114563 -2.403936156795202
-104.91761445592695 -1.4715809294971303
-93.10181209639238 -0.5160617557402072
-81.2770227888224 0.2795438231933451
-69.43157409376741 0.6831129120436441
-57.75648698692443 2.737022194029748
-46.08123735607329 4.789357060645428
-34.23277588113281 5.16374051093566
-22.435098556563908 6.244355164268118
-10.668789887106552 7.682481214043625
1.0848425906137429 9.224663391893781
12.870245293147956 10.375602076724151
24.717358271842915 10.778535583530884
36.54835885590108 11.52259705344808
48.379359439959245 12.266658523365269
60.2315712210754 12.180969492608371
72.08365887558939 11.953507402460763
83.92641666156172 11.599530709042401
95.57834119819461 9.47452928683335
106.76441529765205 5.716235370794756
107.70873649201154 -3.2317985315182485
99.81939619784778 -12.05891683714301
91.67534294458235 -20.67246112748471
82.85407316776124 -28.57244757923977
73.52638286239791 -35.882829478847725
64.09034523824705 -43.05830132720791
54.119345788633055 -49.42443834317323
43.90057424691338 -55.42927149389523
33.827440068559426 -61.67892509356596
23.7297508231497 -67.88526125885956
13.193662769948393 -73.31822093349258
2.22933085924687 -77.79294630162855
-8.846361332919345 -82.01849298287445
-20.46955253531038 -83.85214314760785
-31.98484132646594 -86.396736040613
-43.70119087022423 -87.1707999674005
-55.48967406072161 -86.3080958259324
-64.60473164559075 -81.69741602032167
-60.850033583424555 -70.45813095395255
-56.808922038598425 -59.31382210264764
-52.06271725525209 -48.4647886297319
-47.115477412108675 -37.69295496131015
-42.35781978096681 -26.835486225085333
-37.656618243562306 -15.953165406633715
-32.86569055490613 -5.110544654882203
-27.960711721326575 5.681408975804532
-22.986974089275932 16.44189856775727
-17.991731834150485 27.192387792615676
-12.822682103573447 37.85543282774689
-7.072741980528375 48.22193613756146
-1.322801857483344 58.58843944737605
4.922328955516999 68.66415013060598
11.388418634856919 78.59828925860356
17.949634580573473 88.47131552235241
24.534365623005066 98.32781050685043
31.60366149346429 107.84365299119767
38.54111608538704 117.45513130303232
45.58189244918761 126.98307477648643
53.19097066097617 136.07307648484075
60.65246798491902 145.27189066503004
67.25988014478474 155.10354088340486
71.33328629751514 161.62902160426924

#pigtail
-161.16221149858288 -5.6843418860808015E-14
-150.42319777960512 -0.12454338005325051
-139.73737381503457 0.7322602827536049
-129.0986058628053 2.186801841243274
-118.4945465209127 3.8885222012108587
-107.89048717902011 5.590242561178483
-97.20259591024917 6.578131333352135
-86.5060053224054 7.514806356975075
-75.84336441201981 8.799335658345562
-65.18072350163422 10.083864959716044
-54.51029921969988 11.28597613641715
-43.79569472450333 12.020263015927945
-33.089221878103494 12.840655928036254
-22.426580967717904 14.125185229406762
-11.763940057332315 15.409714530777283
-1.1012991469467215 16.694243832147755
9.580569705617126 17.80504328075637
20.269358931934548 18.83657396757293
30.99998828386579 19.278750879430135
41.733422033381 19.531371560197268
52.47243575235877 19.40682818014407
63.211449471336536 19.282284800090814
73.82693731548497 17.861700175808394
83.67246536229943 14.146554883266637
88.15463501527138 4.456152182767344
88.18534582764877 -6.121658581986905
86.63896402435978 -16.720104034191692
83.91386840373626 -27.099366939650057
80.93202595974213 -37.401248112974734
77.17272099848387 -47.443223676733446
71.17875278239622 -56.33713771975861
65.40226105586298 -65.38410130596189
58.685457639223024 -73.76422532486052
50.96132324433553 -81.14088897070938
42.957181214978156 -88.1573875615064
33.00700706274054 -92.1931882546553
23.247906156570387 -93.0092718117655
13.171901122144236 -89.67202963231931
4.703442450288348 -83.12537426375846
-1.961121549299944 -74.75156079992475
-7.474427691606291 -65.53952299879151
-12.33099682223688 -55.96071047591113
-17.07608273596307 -46.326080935484306
-21.821168649689263 -36.691451395057484
-26.22450453777171 -26.91319767961395
-29.893101050327463 -16.822666845352366
-34.08784926611374 -6.9360084555795245
-38.2235151738213 2.9699083852241404
-40.66080111235046 13.429428640176365
-43.90923669687964 23.657179452725842
-47.365914697386195 33.82542924857182
-50.079420731395956 44.19988086763923
-53.291651865045154 54.421199746128636
-55.42339044073854 64.78101222347985
-54.71561382329304 75.44299540886134
-51.89036580243602 85.76958101829118
-47.9866674089698 95.77473296929907
-44.08296901550354 105.77988492030694
-38.91427716811478 115.17994445422455
-33.12741018441651 124.21507362451825
-26.72059797887337 132.82323298504056
-19.855169003619952 141.08203505892868
-12.854542245576763 149.2233194672457
-4.5920848502942135 156.04237043543907

#pigtail
-140.98475849430164 1.1368683772161603E-13
-128.27997513164368 1.2264416195408905
-115.95880115621834 4.9887623155900105
-103.87580006063206 9.43387447660906
-92.39364016714863 15.286595840874545
-80.91148027366523 21.139317205140095
-69.42932038018179 26.992038569405537
-58.08176571388698 33.09779138739123
-46.81245978092906 39.35055335124579
-35.555834726550415 45.62611990514225
-24.299209672171806 51.90168645903877
-12.989948452098945 58.07511421514234
-1.3468256443154898 63.60069422724258
10.263260252795988 69.19341852332644
21.745420146279404 75.04613988759195
33.22758003976282 80.89886125185745
44.709739933246226 86.75158261612297
56.89863852565862 90.8914444511591
69.27965521964187 94.46670027015588
81.76038935243176 97.22848059227074
94.62610866382907 96.47508176854784
105.14447469950586 91.58637379824096
108.6629965297107 79.21317290293904
108.79240209715134 66.36689054583054
106.77692293441406 53.64461321234396
104.049449947094 41.067699238980566
100.58125842178926 28.655367035439873
97.11919313057635 16.241344054063276
93.73001330136599 3.8072054320065574
89.16925408381465 -8.225262249593664
84.2162671496968 -20.123256350185027
78.88303352701777 -31.8439396642729
73.032811312098 -43.32565269619811
67.5781056606245 -55.00214743747351
60.20438452084723 -65.37873846009052
52.60043518470873 -75.7095783737515
45.39119310305428 -86.38640367097976
37.930763769102384 -96.88698897744736
28.402227518401638 -105.51190558598176
18.95114579363844 -114.22121385943257
8.156946672154442 -121.2549318329263
-4.277420769848313 -123.87943392405238
-17.09330767542803 -125.13674343588136
-29.496568328478997 -122.95572838923216
-37.79451876557366 -113.29296483539206
-43.364286295422325 -101.71218713167106
-47.496555714755985 -89.50521296986808
-50.47252769766901 -76.98390827635619
-53.246840512374554 -64.40939230907146
-54.47506030275955 -51.58029182097194
-54.750966786007766 -38.71512682230961
-54.04763346388867 -25.847454589740806
-52.900756422424685 -13.016743299978074
-51.37059878872257 -0.22014372027440743
-49.840441155020486 12.576455859429263
-48.31028352131832 25.373055439132926
-46.473006510518736 38.12751063698983
-44.49949229792563 50.86327071795642
-42.409616402660646 63.57895521402183
-40.00152945348985 76.23973956699469
-37.59344250431901 88.90052391996753
-35.42689288422267 101.60077306470895
-33.68003554327356 114.36959574409569
-32.045410409135116 124.2691635177514

#x
-152.35426299721883 1.1368683772161603E-13
-140.61404564675337 -0.6342535062361087
-129.17592844685004 -3.4022631512497514
-117.76111439605948 -6.365442660372417
-106.43772610807545 -9.690684273775293
-95.05055401454099 -12.763330796388885
-83.50596399841923 -15.212574652688561
-72.27863563479033 -18.801507147048873
-61.12906514579788 -22.669766706456503
-49.97949465680541 -26.53802626586408
-39.00298830121492 -30.872500596990616
-27.837499350887217 -34.668251171249054
-16.557672600566047 -38.138389870306895
-5.252632747951654 -41.511309923782406
6.291957268170114 -43.96055378008205
16.89301005412359 -48.93687185162703
28.43760007024536 -51.38611570792666
39.67982421625409 -54.88492441951991
51.18342954815024 -57.35707291918438
62.84928780881896 -59.12888643579045
74.57303202436476 -60.47854432028472
86.33644282145562 -61.40927327096754
96.41013614765194 -58.97589453333875
97.44932426278449 -47.30184940388334
96.33800664634406 -35.60796046704302
94.05762658703807 -24.03780762222564
91.20385385839843 -12.589230277903674
87.90472387988505 -1.2582066925061817
84.47433212752269 10.028827079223847
80.27933739395752 21.059619131171907
76.08434266039235 32.09041118311997
71.8893479268272 43.12120323506803
67.69435319326199 54.15199528701607
62.66646375891708 64.80917200792544
57.152677147836954 75.24260933847076
51.527978738748644 85.6088856274074
46.94151476343693 96.46710985171602
42.23802216929529 107.27374541369953
36.87633591871288 117.74376149599165
32.071151442158516 128.48126287100595
29.196935025039835 120.3363925033122
24.63549544495186 109.4879903730094
19.47357633666907 98.89696380647067
14.137728433178104 88.3784454364568
8.535234110837008 77.99288932941658
3.454649543214028 67.3409404673918
-1.4913148747367577 56.626060736756635
-6.387168802321377 45.88800035831794
-11.237619952983868 35.129307234011584
-16.088071103646385 24.37061410970524
-20.937757750301454 13.611593259863543
-25.385352798024776 2.680204857678445
-30.06231109434986 -8.147960144419812
-35.29491749962147 -18.72605942148611
-40.527523904893116 -29.304158698552385
-45.76013031016474 -39.88225797561867
-51.14020665134107 -50.386120190424286
-56.62334147582199 -60.83600922525748
-62.1933781679752 -71.24038548508328
-67.76597580575337 -81.64331366647824
-73.8104796121535 -91.77940402925492
-80.06227649486748 -101.78788273350129
-86.13496240981017 -111.90662391281295
-89.94025207326125 -119.90724791331677

#x
-128.34432737241588 5.6843418860808015E-14
-117.25019000494677 -2.027191791786163
-106.07247782177575 -3.631549094107652
-95.05581165776877 -6.112062964502744
-83.94169516614109 -8.112459975340887
-72.760060073398 -9.695562035045832
-61.5784249806549 -11.278664094750804
-50.3967898879118 -12.861766154455731
-39.20447602399665 -14.365567566568375
-28.00237647749909 -15.796700414722306
-16.800276931001537 -17.227833262876253
-5.561314842977003 -18.28411375208066
5.704975430499644 -19.062496018368517
16.946205222237687 -20.13937998726304
28.18457258978743 -21.250359010781974
39.42482746833045 -22.335693507685253
50.704747141645086 -22.882125243838402
61.976623266983175 -23.550295697877992
73.23037922337669 -24.492714051181597
84.50780850513667 -25.0768377456326
95.77133219485145 -25.796208405923828
106.9798372548936 -27.120959029927118
118.22817685589514 -28.06270543465307
119.9237983846191 -21.08444067049406
115.23212961200979 -10.886613338616726
109.63037826818689 -1.0807193273251352
102.81389036546764 7.909287266526717
96.77922714571595 17.454862959112376
90.64713401573118 26.93438930327862
84.01443130535712 36.07454412880004
76.93528515403494 44.873349308055325
69.85346362648666 53.67010890069281
63.469609420722804 62.92811476429512
55.821428344269755 71.237176185448
49.44762725635408 80.4227109350149
41.79944617990102 88.7317723561678
33.15180173047505 95.86568825200304
25.503620654022015 104.17474967315596
20.077272150083658 104.0928471033854
13.223915619679083 95.11695273313644
6.856329884484924 85.7989375476644
0.8972848606148105 76.20597356971707
-4.946809051189188 66.54316165679704
-10.562309928408052 56.74960043519488
-15.742134428390525 46.71443259264799
-20.92195892837298 36.67926475010108
-26.34859074396874 26.778151829407108
-31.94669347880573 16.970174400348835
-37.544796213642734 7.162196971290568
-42.99807443520418 -2.72408793599227
-48.13984896094143 -12.778804749766064
-53.28162348667867 -22.83352156353986
-58.33089010045832 -32.93404795216644
-63.21131941922061 -43.11818194300098
-68.26815321416844 -53.21496109158276
-73.40992773990568 -63.26967790535655
-78.55170226564294 -73.32439471913034
-82.96706746283101 -83.70622901984432
-87.3843280608096 -94.09044827356723
-92.34178740270539 -104.2373084949439
-97.29924674460119 -114.38416871632056
-100.86781653798202 -125.04609914492386
-103.72512477337698 -135.97180118766008
-103.56019035074887 -137.7133980071231

#x
-171.0089259963342 0.0
-163.24854716874148 4.665973371408572
-154.07425336450453 5.449959192207308
-144.89078080781908 6.065241483992169
-135.68558415298088 6.281239445626101
-126.48038749814269 6.497237407259959
-117.2751908433045 6.713235368893768
-108.07851794834923 6.2907767627778135
-98.88236850041889 5.829110319331125
-89.68621905248857 5.367443875884228
-80.48485438148118 5.095455604362172
-71.27723069884371 5.051108196234768
-62.06956987647393 5.019728549750427
-52.86184322380166 5.011334305117889
-43.654116571129386 5.002940060485445
-34.446389918457115 4.994545815852886
-25.239452657550398 5.056164816882176
-16.034256002712205 5.27216277851595
-6.830661783686721 5.157430317245266
2.372009657566949 4.852243623550509
11.57468109882062 4.547056929855784
20.72258022914514 5.456051811338744
29.781553019634618 7.004683844955995
38.6762745267455 9.362927696796902
47.10425532603543 13.071221134548907
55.676565506191835 16.084816600359545
64.64930724459491 16.783259189852554
72.15743538783794 22.113391679605147
78.15818270780187 28.64027748204659
78.46385067620017 37.664249788881925
76.94375358448417 46.71471108569833
74.35894979812151 55.54387990818543
71.43831141639414 64.27612887490959
67.2856091915051 72.49161510776548
62.47631687145088 79.79522810658429
54.177542543937406 79.51077161499524
47.2084107856949 73.73598647716778
43.265312205189886 65.42928162972166
40.01862072740771 56.84241212388105
37.59000287636761 47.96073908850738
35.69896845411681 38.95235741739555
33.90547422269438 29.92098548310291
32.346079820286974 20.848407717791066
30.94795291893136 11.747443936884125
29.549826017575757 2.646480155977181
28.15169911622013 -6.454483624929759
26.97143068921899 -15.576551767311248
26.596698818331674 -24.776653755801135
26.221966947444358 -33.97675574429102
25.61432213612134 -43.159257720627124
24.60228590414688 -52.31120195334867
23.59024967217239 -61.46314618607022
22.57821344019787 -70.61509041879175
21.704246853135547 -79.77924746226388
21.094086826762886 -88.96673924815904
20.483926800390176 -98.1542310340542
19.349807170205185 -107.28249246116688
17.893601658064664 -116.37434409216515
17.34963534495814 -125.55750651951243
16.97490347407083 -134.7576085080023
16.430206986217417 -143.947439820007
15.694364045720539 -153.12572047275427
14.582465855322209 -162.26263421365118
13.746042853789902 -166.68790150958074

#u
-140.61982739427162 -8.526512829121202E-14
-133.81461369528841 4.365126443842376
-127.35915244333862 9.345798103289084
-121.34887559342049 14.907642530635696
-115.07902235899276 20.201311819736308
-108.45249083628593 25.031582029776203
-102.06953139452702 30.18375712400773
-95.42908314978958 35.009165069714086
-89.004372013889 40.10889472461573
-82.15031510124489 44.481340102166556
-75.74543945373169 49.5394762638826
-69.1938177203677 54.31852242624565
-62.233509831819354 58.59554234451452
-55.770140321637804 63.58111591038355
-49.23463768807878 68.45056635058388
-42.80046253139517 73.45969016806072
-36.771356774026025 78.96424077619807
-31.084560407211804 84.6702467763213
-25.353442331507672 90.54131170802877
-19.11033965847679 95.83491661931863
-12.698576931248656 100.90397005228132
-5.75515259225232 100.77826260258415
-0.20704560949139772 94.75639166118273
4.8775845667978315 88.31876319256276
10.111385268343575 81.99517640895405
15.432741896100142 75.74516212713486
20.490225454690357 69.29067064647562
25.219902691712356 62.581678708268555
29.949579928734366 55.87268677006149
34.67925716575636 49.16369483185442
39.40893440277837 42.45470289364736
44.138611639800374 35.745710955440295
48.868288876822405 29.03671901723325
53.5979661138444 22.327727079026182
58.32764335086642 15.618735140819126
62.781700700761164 8.726683656281148
67.13148133625259 1.7653742955045901
71.58202607902149 -5.129010171147259
76.3117033160435 -11.838002109354314
80.54997686426661 -18.86294940814687
84.49462041167135 -26.050328858780116
88.12960511093416 -33.401923740711034
92.00526421567075 -40.637643150581425
96.11989010559343 -47.72191646250135
100.50484719214417 -54.65986254118833
104.23348030122042 -61.95645724428417
108.00830920471105 -69.24475494163208
106.14101434813153 -74.50904346406172
98.73571577183088 -77.99113364647188
91.892573265572 -82.47685192703072
85.08044675731365 -87.04518197513454
78.41004296866613 -91.79680789803129
71.78426942041958 -96.625568250018
65.01223172553307 -101.26372942569698
58.46089684207463 -106.2026952319085
52.03533815414631 -111.30130814844873
44.96161648509919 -115.45540296963291
38.532673365737 -120.5592358392846
31.726776817457456 -125.11856960020799
25.035888603284686 -129.8439890590292
18.230379739406672 -134.38998010425655
11.443940083811539 -138.95762771345755
4.612810707039914 -143.4490650589323
-2.549905488835691 -147.1866179815508

#u
-175.34813769345806 1.7053025658242404E-13
-168.91836027962444 7.926495290372391
-161.62905491064353 15.03050649068232
-153.74733205416453 21.500570926757497
-145.5612076246168 27.596367183498685
-137.37508319506907 33.69216344023987
-128.8113203577703 39.236454084506626
-120.16795679677642 44.664495308762476
-111.52459323578252 50.092536533018304
-102.8337095203182 55.43985042399705
-93.89296336577834 60.36269750468307
-84.9522172112385 65.28554458536911
-76.01147105669865 70.20839166605514
-66.91532016876124 74.8271756530486
-57.68824215782068 79.18978915412283
-48.6372294689695 83.90263358696858
-39.63162716897676 88.70580882779662
-30.626024868984032 93.50898406862467
-21.93143894818151 98.84866613415616
-12.98375917347116 103.6951470655253
-3.596710872032334 107.70197740460787
5.9714115484148484 111.19733122062185
15.525419051437574 114.74546460218626
25.0874822761319 118.2874945497243
34.90840070905195 120.91047897502652
45.0507461651646 122.02098878531946
53.49693144823143 119.70760221221067
59.00003980772142 111.11183793185437
61.537242124588765 101.37762108188468
63.442287438868064 91.3505493493059
64.21553599342217 81.19375201625024
65.51617509816631 71.08026533439525
67.03688979667216 60.98775365565609
68.45309422007581 50.88608844577522
68.70997954016515 40.682884286685756
69.16674061271812 30.49194776821703
70.1595535134689 20.333912144936274
70.90180129071042 10.156195780696391
71.50711322578017 -0.03227626573923459
72.1124251608499 -10.220748312174862
72.82739292476661 -20.399912263347495
73.94805717850092 -30.544638815115178
74.54926892925965 -40.719093758809294
74.59330125918939 -50.925436215030274
74.63733358911921 -61.131778671251254
74.42366296631005 -71.33437637440535
73.81647934492744 -81.52099516208006
73.07654972627998 -91.70057616225812
69.98742453044991 -101.32582133111096
66.34407425862135 -110.85073620615117
60.598675234979254 -119.19527333037888
51.852364503340674 -124.07334846398642
41.90580812083866 -126.34959364504535
31.708253121180135 -126.77531328128208
21.510698121521617 -127.20103291751886
11.342717227188913 -126.61525128828733
1.1790701894051379 -125.82425427533411
-9.02358160856558 -126.10221374918403
-19.226233406536295 -126.380173223034
-29.333676954199184 -125.49911143981333
-39.41086545061098 -124.10840879785715
-49.6161952182596 -123.95804419669396
-59.49422064727805 -122.26746644490902
-66.78994989064334 -119.53693685922458

#u
-132.90298646594877 1.1368683772161603E-13
-130.99289404666425 7.284874359624847
-129.1235396982042 14.579209107117268
-127.46814211980166 21.92322990970992
-125.43782325264752 29.18018471384805
-123.23954431976057 36.38726064095922
-121.1894938209422 43.63572399070724
-119.01901046445747 50.84219411539507
-116.47790473825775 57.93506004280809
-114.21908907582319 65.12335168076255
-111.60134026546935 72.18175527731023
-108.79251352827694 79.1729545314483
-105.60800444424515 85.98557242447582
-101.70308944513809 92.42651945333427
-96.9627198578358 98.22730813896834
-89.82642302845305 100.51432874414306
-82.76341328736471 98.06054650515352
-76.10382680099859 94.54094871151302
-69.51917012140936 90.87654096351794
-63.09890004588867 86.94080543094033
-56.80228647917012 82.80096904250159
-50.50567291245156 78.66113265406287
-44.20905934573302 74.52129626562412
-37.92669914333386 70.36083964352477
-31.828955181997223 65.93330011082627
-25.731211220660608 61.50576057812773
-19.775155241937366 56.88952446921335
-13.822532171393378 52.26871649747799
-7.869909100849373 47.64790852574266
-1.917286030305359 43.02710055400733
3.7754728458589706 38.09905372435604
9.319882465775843 32.99561275789049
14.864292085692691 27.892171791424918
20.892313018584034 23.37188129394495
26.933415626867845 18.867365003840973
32.848782777849806 14.201677040062398
38.687795114194266 9.43811506737402
44.526807450538755 4.674553094685682
50.36581978688321 -0.0890088780027043
56.04045405544313 -5.042211506266562
61.584863675359976 -10.145652472732133
67.04619924008641 -15.333581739177587
72.24249735929672 -20.791060423324407
77.43879547850705 -26.248539107471217
82.63509359771732 -31.706017791618073
88.02513045367407 -36.9664595492487
93.56954007359094 -42.06990051571424
98.98945809539526 -47.29597760616506
104.00907178718725 -52.91639272578033
109.02868547897927 -58.53680784539557
113.64750751490203 -64.4836416782603
117.08497004620723 -70.80286730779198
114.88912829242902 -77.96167660856311
112.03841366202968 -84.92611829959189
108.25265132360259 -91.44028413317187
104.55195538874999 -98.0033702394763
100.57502782169536 -104.40324743167675
96.83815812431195 -110.94705309783181
93.18810082223173 -117.53506595168464
90.0937872752956 -124.40607835196985
86.77863595921403 -131.17036586048644
83.24888717526964 -137.82356989657217
79.57877632304914 -144.35750202860714
78.02809386172802 -149.4530114008915

#x
-153.0215573810411 0.0
-142.9679939588757 2.9353774857381496
-132.33606407320303 2.958634906957057
-121.87994635239889 4.928196027196564
-111.28219919047169 5.854459441554175
-100.67942326384583 6.743679013671609
-90.04791566831187 6.507832155877293
-79.4234438708901 5.96860005152499
-68.80945418994173 5.225100320257394
-58.19546450899336 4.4816005889898065
-47.67091236270259 3.029699973251137
-37.205190255460764 1.1118288692237381
-26.633726627851047 0.035809101864870546
-16.018798798452494 -0.6941744420137883
-5.421593646593307 -1.6444061502937464
5.173480186256074 -2.6211247761752277
15.768554019105453 -3.5978434020567267
26.27495324805225 -5.139721766155622
36.6600316518157 -7.4548276698584015
47.16209649013935 -9.121929281826816
57.70111798032136 -10.58432280860244
68.24009152866344 -12.047026838788002
78.72939698004456 -13.831414673677013
89.33869702136124 -14.552637653734664
96.1026691592488 -14.49893419970951
96.5928865036272 -3.8702345730880072
96.7693702155269 6.75123580581625
95.79010674492949 17.34607473110563
94.84270728116512 27.9438077154262
93.86882664718081 38.53905045502847
92.24128070541812 49.029759466278655
89.77315702215714 59.379538897831765
86.97413393293964 69.61780121087719
82.28527278136482 79.12340572042154
75.7016540542847 87.25590121320933
65.59962720600794 90.59635363082717
55.01422131417499 90.51365940961452
45.07833704968007 87.55437862370815
35.3020683337034 83.35838784929793
28.19354390690912 75.6690688142679
22.27701957071516 66.85045875603328
16.947354205787356 57.647541698358026
12.08670939405408 48.18267504257022
7.226064582320808 38.71780838678241
3.1751554676687577 28.904090836381947
-0.36467267428735783 18.870189026861933
-4.2434693110163515 8.96472490292998
-8.241672087521085 -0.8954953459094597
-12.239874864025817 -10.755715594748903
-16.23807764053056 -20.61593584358834
-20.236280417035285 -30.476156092427786
-24.11581264532454 -40.37996825598853
-27.451082469595317 -50.483707365693526
-30.786352293866088 -60.58744647539852
-34.24485041736651 -70.64958028265316
-37.71662675552692 -80.70723099519348
-41.18840309368733 -90.7648817077338
-44.506825649344385 -100.86983222815074
-47.30354944225351 -111.13569336221298
-50.20102075679087 -121.37179698526086
-53.43090418814653 -131.5097169798913
-56.2515394201943 -141.74501525436247
-57.928687121891315 -152.2519195017388
-58.59269709607716 -157.44332009268922

#x
-168.5582750020474 1.1368683772161603E-13
-159.11513382530086 0.0686827571491232
-149.6736269963817 0.539969838070263
-140.235264517511 1.0715664416941408
-130.7961578110046 1.5895227410645831
-121.35598593442182 2.087956459941823
-111.91581405783904 2.586390178819007
-102.49080107548353 3.257389894860565
-93.10830685555614 4.412415195261929
-83.69751806761833 5.195859198656375
-74.24831315137628 5.474799483314768
-64.79988723572978 5.778679380028551
-55.35169399316233 6.0900082778857305
-45.902274686653236 6.355747144632301
-36.48275933408774 6.995043397954636
-27.100265114160347 8.150068698356035
-17.678555631826505 8.825969185461425
-8.23855102074467 9.296057669595175
1.1780333965667769 10.128655497592288
10.594617813878223 10.961253325589393
20.01683932303373 11.722752676692352
29.446975283455977 12.384430090157105
38.895651563141584 12.573836615863643
48.309306270943395 13.299974779785945
57.702231217580476 14.366859112026791
67.10857887912059 15.304362342675608
76.35568628592786 17.207526880509743
79.75510733680386 22.12704696842587
74.72419759635748 30.020033152433882
68.59168242002933 37.208064882722475
62.0711226739621 44.042871257296454
55.60423350085707 50.91310772599578
49.13310205342311 57.767640101961305
42.088800047272805 64.0711462579635
34.29322740396206 69.03520393753244
25.332215343484457 70.75433411295994
16.07631300951976 69.25461445470687
8.130896248649481 64.42988382227497
3.89448485975349 55.991800717693096
1.7054765476809624 46.81377301180126
0.16042888800071137 37.48999148509227
-1.000923509638047 28.109404534489887
-1.3412878703090068 18.662212711862207
-1.5421039752122518 9.215218306382933
-1.1750113853809998 -0.23097268586517025
-0.9277113963386945 -9.68077156792695
-0.7256572656699077 -19.131933155785767
-0.5236031350011213 -28.58309474364458
-0.266964114855861 -38.032903400874176
0.05383226108506611 -47.47975609143101
0.729480912310036 -56.90890134069067
1.4051295635349914 -66.33804658995034
2.0599494007736836 -75.76828259163152
2.3728565941011968 -85.21642369556842
2.71091302064402 -94.66365968822403
3.0780056104752687 -104.10985068047214
4.17004508646763 -113.49967799706708
5.267396264681998 -122.88909233573644
5.894757360821511 -132.30748770360825
6.121958650268492 -141.75123525645242
7.141381484891104 -151.14942967430676
8.084076975186923 -160.5547038016653
8.26331697874233 -169.9646444569576
8.192325457671053 -178.9848797419385
