#U
-155.04629038546932 -5.6843418860808015E-14
-149.98030469392546 6.301577725594683
-143.42576384727107 12.126300904833897
-136.4833254312512 17.43983428070979
-129.5408870152313 22.753367656585652
-122.31852466784059 27.47153231721822
-114.84481823552218 31.71772944028683
-107.849184833563 36.93131874431137
-100.48185633702921 40.953900345172
-93.53941792100933 46.267433721047865
-86.42475228656738 51.2725570943891
-79.28554783859515 56.234968118324474
-72.18127563812871 61.26246826054145
-65.13448508890707 66.3915643867974
-58.187949170384755 71.69774103303033
-51.02155477857569 76.60917982450181
-43.68897351859147 81.17967240117733
-36.45092260236581 85.92087487638346
-29.508484186345925 91.23440825225933
-22.566045770326042 96.54794162813519
-16.066685844985898 102.33043099130796
-9.124247428966015 107.64396436718388
-1.7220270216002689 106.99100694743717
5.409045955489091 102.0440333168024
12.38620257527802 96.88191495548719
19.119363024148072 91.29565363709085
25.83305066754866 85.66429519111747
31.926190158581363 79.56653805377138
37.85076783562121 72.99938057203937
43.36839808540293 66.13574609025503
48.930740471913424 59.08808569083979
54.037048182076774 51.61137489199993
59.15125039884066 44.12124292766961
63.80941793925746 36.202060563914614
68.4675854796742 28.282878200159615
73.125753020091 20.363695836404645
77.7839205605078 12.444513472649618
82.44208810092454 4.525331108894619
87.00612275170681 -3.44310950238048
90.2637474345475 -12.123719497558056
92.6636707047067 -21.178776513576196
94.70092776765594 -29.563202637700726
94.95370961453065 -37.34272981962113
93.3577389027351 -44.1404344741367
90.82164751465979 -51.01025980300565
87.38816432792888 -57.678519106730846
81.94900587465833 -64.26571203055727
75.44964594931821 -70.04820139373004
68.5072075332983 -75.3617347696059
61.564769117278416 -80.6752681454818
55.010228270624026 -86.49999132472101
48.067789854604115 -91.81352470059689
41.12535143858423 -97.12705807647276
33.49039698047929 -100.54639760589222
26.020075955871675 -104.64780658736355
18.27475965513824 -108.15161374891586
10.686265687921747 -111.42111901907835
3.265557093434353 -115.59883093814311
-4.204763931173261 -119.70023991961446
-11.395693181704303 -124.39588577382082
-18.76302167823809 -128.41846737468148
-25.844385404318913 -133.30990128567743
-32.98576634543673 -137.68797814444787
-40.14064980171361 -142.35603563281614

#U
-149.48567840432904 -5.6843418860808015E-14
-144.30537315337455 5.841655585542867
-140.1444302186562 13.219510910912334
-135.68473406966535 20.307002350732034
-130.86618727872235 26.936844677346073
-126.36530940662365 34.11948992496042
-121.56673714272634 40.70317943999066
-116.54258617801881 47.17888072710457
-111.02794055689006 52.92255512027424
-105.53839044797867 58.62502732356961
-100.01562596064946 64.35676730180387
-94.12486863715081 69.54757224161415
-88.23411131365216 74.73837718142443
-82.34335399015352 79.92918212123465
-76.45259666665487 85.11998706104492
-70.1844590604966 88.9129267936757
-63.650991174279795 92.02764519792669
-57.21989894562219 93.36491712685927
-50.533719523310864 95.39399403368765
-44.19388288261524 96.24160790630447
-37.796290824688526 95.73502953619993
-31.827292662377346 94.06333511255974
-26.090187794303915 91.93388960078482
-19.886117267121648 89.91787736017204
-13.56373340447368 86.33491242478294
-7.879936137284204 81.37398277893777
-1.9630088186413843 76.54203867335576
3.6431986445138307 70.87353318976307
9.263087787449876 65.23203497185165
14.776775405678677 59.620338901163905
20.367032777886806 53.920348369627504
25.622192124353603 47.79832448587547
31.112437494265777 42.14035405132341
36.31607948016958 35.93277629896045
41.7531550910557 30.056201802951193
46.374167356098155 23.21361611251018
51.50605190196359 17.070954759673384
56.018446689203074 10.023305743799028
60.292286604115276 2.572817662924251
64.53280842268074 -4.809294313864086
68.77333024124624 -12.191406290652424
72.63336161333476 -20.113044553787972
76.49339298542327 -28.034682816923606
80.7339148039888 -35.416794793711915
84.59394617607731 -43.33843305684752
88.4539775481658 -51.260071319983126
92.31400892025431 -59.18170958311876
96.17404029234282 -67.10334784625431
100.03407166443131 -75.02498610938997
100.51432159567102 -82.61244946464555
95.86140394867888 -88.76607558536062
90.82242607974382 -95.29775133885877
85.37321411191886 -101.05951902770133
79.88366400300748 -106.76199123099667
73.99290667950882 -111.95279617080692
68.10214935601019 -117.14360111061717
62.2113920325115 -122.33440605042742
56.32063470901289 -127.5252109902377
50.4298773855142 -132.71601593004794
44.5391200620156 -137.9068208698582
38.45967259718708 -142.39869320607875
32.29682053876326 -146.5638453778914
26.239246353466655 -150.57145573147298
20.6588284427489 -153.7583920936955

#U
-161.5540384402401 -8.526512829121202E-14
-160.24776199185314 6.214728316089349
-159.24770211562378 13.12508455607508
-156.84994612774614 19.637814980401203
-154.24192058618223 26.42648155172384
-150.36840079304125 33.180796272039316
-145.7657424999848 39.79385430572182
-140.79643294224104 46.31506533488826
-135.82712338449727 52.836276364054754
-130.40504200758798 59.06810464165804
-123.67586576215405 64.46452158490555
-116.17525987338026 69.36789010204188
-107.67147767180744 73.43388496550466
-99.40253549585667 77.13291879350459
-90.79615740637979 80.04454762654237
-81.53197779707264 82.10759926776805
-72.03475317285199 83.45308044024713
-62.58293312937235 84.5208897119656
-52.30192761004042 84.88444610856791
-42.27437041288502 85.23282946349931
-31.997258668227317 84.3819132367039
-21.887487676848338 83.15268396919467
-11.75454688708271 82.20644733524426
-1.8342438488776054 80.19754124726316
8.061356427172512 78.35114538700614
17.725651532695025 76.19221210769274
27.337111044369095 73.7488216587266
36.564353707913 70.44666086782149
45.80673193441859 67.18409118846103
53.985074632589175 62.785897949829575
61.16212262259032 57.898476601029955
67.60785358197015 52.43657039092341
72.91676602476062 46.29372746966254
76.83095481409632 39.5064075719373
79.35463307493339 32.368154835223805
81.43635093131527 25.20543332207427
83.38650519674454 18.02605834673733
84.80590063128645 10.847328808699274
86.44058305880927 3.743862981453134
87.659584836682 -3.319601466019435
88.44596155975987 -10.382089978659593
88.3672414153746 -17.621630561752937
88.4311502733386 -24.701262469647503
87.9125603349685 -31.481725745009612
85.3216235169127 -38.449196158842014
82.5916325283217 -45.40684957680776
80.18795035251205 -51.91842498922394
77.23931104108712 -58.73708499287464
73.29113356279842 -65.45731429937605
70.14891344784715 -71.82494893140569
66.9612384131394 -78.56974805189766
63.3160424756131 -85.27992232419119
60.179163827996064 -91.64889500635628
56.66695383220818 -98.49371868105243
53.186572528611606 -105.30512129481178
50.36149763399172 -112.07736172941622
47.16211150093059 -118.82127456252714
43.80962183229312 -125.46484534155329
39.22521491873678 -132.01518552207446
35.423876788432295 -138.71354306711248
32.07138711979485 -145.35711384613865
27.9104875066042 -151.93950475023493
22.941177948860428 -158.4607157794014
18.990547889356407 -164.76717053650069

#X
-130.5392585669156 2.8421709430404007E-14
-118.43843332996146 0.2500096816162909
-105.30208069944561 0.37951963353654605
-93.00455763308102 0.1921082009242241
-80.48347853867841 -0.8503819756365658
-67.93346388525707 -3.0619694704287497
-55.646564745921864 -4.1550757295799485
-42.74803639990435 -6.070552521921883
-29.81692816543719 -7.160755970823345
-16.569662565093495 -8.702281510347973
-3.4590733447712694 -10.227902625759071
8.166562975219136 -11.580726358682853
20.811390920497303 -13.091367747638287
33.28364600627464 -15.74708668474429
45.46280432460705 -17.993385838013268
57.22583609784351 -19.82452019869811
69.60923642290646 -22.260506908918273
82.3831113209111 -24.55532847242867
95.165246399907 -26.44849165042112
107.6631899119746 -28.048773108519413
119.46074143308437 -29.496886496097858
118.15542275383848 -24.23404609517266
111.11369015041316 -15.646403246306107
103.64499922354332 -7.232732653913814
96.16168911167733 1.1838923777931427
88.15062084169966 9.368817442825758
80.13955257172194 17.553742507858402
72.12848430174427 25.738667572891018
63.52282359755267 33.54879056121126
55.03670301231489 41.42713378339448
46.53293809124003 49.286016686241
37.894765202569005 57.05285520935939
28.832111100346737 64.45764568534389
20.60899734591942 72.48244383933704
12.016135067480064 80.27949064952443
3.624579435169977 88.17708931296931
-4.558831065815895 96.23186952174797
-12.569899335793593 104.41679458678061
-19.485869277729364 108.48387886028519
-21.04102145373642 98.43689976840386
-22.16084220965152 88.4419668733143
-23.567045037917836 78.38565499080588
-25.064641588576535 68.32009077250996
-26.115733831386876 58.22602713166472
-27.909508700299398 48.19047205724567
-28.387084625573607 38.06342676771547
-28.686420175685555 27.94717689024702
-29.314314909571692 18.013011349553466
-30.69064571223379 8.02586177588401
-30.697740339878607 -2.068518181952868
-32.41789133126048 -12.052432414798716
-33.21548870513624 -22.105540365213045
-33.87632019616544 -32.17073239347759
-34.59622711525762 -42.290311376250145
-35.920163605906225 -52.360826103396306
-36.033443783721765 -62.48555729767412
-36.4058887735583 -72.59748416713428
-36.013181134271605 -82.6665366257757
-36.773624707247365 -92.63532876628076
-35.874919761512274 -102.70714115222313
-36.32097447216964 -112.81215365964144
-37.07052915987592 -122.89305258936741
-37.98472835254353 -132.8104429940326
-40.10076038350945 -141.51612113971484

#X
-156.44565103442466 -8.526512829121202E-14
-143.47698462909028 0.534251067545398
-129.60251866377027 0.48899569862172143
-115.65117177913899 0.3062538478553165
-101.83357358558465 0.6137452284690141
-87.95793041474099 0.6143904881735978
-74.10315733162327 1.0041498950881191
-60.11828749480438 1.33001797318758
-46.071105064000136 1.4582315938642694
-32.368679801081356 1.2945368419301246
-18.396718747116267 2.0959184415572167
-4.5644762992312735 3.3565787603252772
8.68106025641768 4.985419404276712
22.528733077825507 6.362447826743846
36.12126849139699 8.498493396345651
49.32510262516692 11.318072666133958
62.880335991683154 13.487336564516369
75.71193372266353 16.79835025147119
87.7802936015278 21.04489043416217
93.55434896557531 27.943713611072212
92.95848069695822 35.93479199630963
89.62805546209657 43.884672603794826
83.99883637244201 51.45414225328645
77.77341884088989 58.94925927554479
70.9062242733552 66.27829475231795
64.03902970582052 73.60733022909105
55.439412728271265 80.16895461108751
46.30590223678897 86.49182528866945
36.44525251066588 92.26826559193898
25.903289064611073 97.52098892307728
14.25616967073043 101.64711498413158
1.9949922497692398 101.02138258461758
-5.656341598609032 95.13188629042827
-9.296610891886104 87.43913518674196
-9.623295028252585 79.34791752229111
-8.992507983647045 71.18481657318478
-7.131311735303399 62.933521915074834
-5.560501651430002 54.64030257380071
-3.315235394367278 46.369106219502896
-1.1300240986765004 38.08544479375661
0.8573770572379829 29.78174976323615
4.002517268238364 21.621609362837518
5.4024930825505635 13.307174920631297
7.156090852508953 4.991600174306342
8.794434773901969 -3.34075517229914
9.203970302108047 -11.717585318643927
9.82732947767147 -20.090008609957607
10.602412319867142 -28.41017677383975
10.725445824908235 -36.76793799924657
10.362572888378764 -45.133296640917706
10.603342954675838 -53.49777017380853
9.48768726059322 -61.86342850329659
8.75783724571059 -70.24182960374002
6.565808112990197 -78.523599947729
3.85366792676885 -86.75725047152362
1.2709558633274582 -94.98773609890006
-2.0379115788814772 -103.0985167474592
-6.672973339484599 -110.99138296323883
-11.527187198187818 -118.83129259094204
-16.717419457165448 -126.45920737756676
-23.735467278913745 -133.5932042366021
-32.329910205963216 -140.1102174886301
-43.67301336207072 -144.8290006467921
-55.71611810865252 -148.35288501586842

#X
-119.77948388865053 -5.6843418860808015E-14
-106.9759881245844 -7.478551234364403
-93.88241726291528 -10.607246637099138
-82.09188258760557 -11.845013275181998
-69.95371814574307 -12.156008916706327
-57.713952457709894 -13.092962948047557
-43.07402203553511 -15.724147093598901
-29.11047818923373 -18.659461572745926
-14.274114302572912 -19.82250170844958
-0.4852839077982196 -21.09765511806725
12.671700245345761 -22.269030536137876
25.094081162286187 -23.61057516576784
38.332689572756834 -24.564342652687742
52.671741951835514 -26.160881985003215
66.90486203544688 -26.251571814971413
80.48476205673236 -26.29546564691492
94.53090045151382 -26.884643301482953
106.00569215039363 -26.177138866905807
117.46578481470661 -25.37907467685261
130.2205161113495 -23.35170806890119
125.23640460456542 -14.31459549670339
112.43290884049927 -6.836044262339044
99.62941307643317 0.642506972025302
86.82591731236707 8.121058206389648
73.31239752850169 14.456542413336365
59.841376578139915 20.493323304171668
46.175291327750045 26.216070354783398
33.27054371557173 33.53161633043155
20.053340079846777 40.34413963631803
7.249844315780621 47.82269087068238
-5.553651448285507 55.301242105046725
-18.357147212351634 62.77979333941104
-31.160642976417734 70.25834457377542
-43.96413874048386 77.73689580813979
-56.76763450455002 85.21544704250411
-69.57113026861612 92.69399827686851
-81.41619482682907 100.74254998652077
-92.40615313938108 108.98188962142893
-94.5269050832762 109.35608899055143
-88.79755399245326 98.2750847587813
-82.11316517131331 87.47346962080326
-76.18764472930445 77.15797806027294
-68.49562080957966 67.07237169513854
-58.63139541682156 58.04532602838131
-50.979996750686865 48.41440857926355
-43.843824907180846 38.122838310979915
-36.36912541172427 27.672385422042794
-32.08331080553498 16.565804633027795
-26.082614120546594 6.281849897726801
-18.81880731502983 -3.898663034616334
-12.79590254452728 -13.9069945439538
-7.939225948586795 -23.782797560856864
-1.4513231689357156 -33.44437179744045
4.685144921933073 -43.43385581181728
10.570757885019447 -51.97215800203408
15.113592459114756 -61.044696255392836
21.07198909218866 -71.56273580030306
26.096268870432056 -81.88644312349648
31.173239380232843 -90.43147647844937
34.322647283879775 -100.00467272068875
39.011333887830716 -109.69741587736165
41.50881374846122 -120.45920728521324
48.44934839811535 -131.0276945588009
55.241146335736886 -140.64391100944852

#Pigtail
-155.41518364103268 8.526512829121202E-14
-146.2965657691537 5.613842160746259
-137.1779478972747 11.227684321492404
-127.83296314185137 15.624758765331421
-118.10025915640762 18.96076511029014
-107.85707024175426 20.389252166678773
-97.68280290702349 21.435238111418357
-87.30915735476268 21.975778383280726
-76.97556581894052 21.244394901093244
-66.6115392725464 20.681029537567724
-56.49201126247097 19.000258414053576
-46.45172949913007 16.81325648190932
-36.436692313987265 14.634143950836915
-26.18025555304382 14.316544167407017
-15.871630517891305 14.00335206472252
-5.643227814340804 14.129570153775575
4.579593098036895 13.225068905245053
14.670105778356657 11.158374443463515
25.032759494842054 10.160779502104674
34.91827562052663 8.022144715492658
44.65734845030005 4.666276856423366
54.05464691733863 0.17874324666820485
63.09794526995975 -5.300409732898089
71.16754571194988 -11.392190921052986
78.24843788615783 -19.630620145384455
84.69476495040547 -28.381046089458323
90.57343173003656 -37.337222794860196
94.58481635896729 -47.178820711718174
94.15402402438022 -57.24129572519831
91.14873111547425 -67.41386493785518
86.12326548875691 -76.74366027939894
79.54285358539792 -84.25922707789715
71.32922760841322 -90.79753413869003
62.21060973653425 -96.41137629943617
52.88914144334066 -101.40929269835053
43.240220570747624 -104.96949838063728
33.342046020497605 -106.3359033528429
23.860327093384768 -104.19085215121638
15.317372897275078 -98.17233714302978
7.918559796063647 -90.37436573968338
1.800724423976959 -81.24489969085892
-4.117054174736182 -71.91243377466336
-9.652936233779002 -62.30639748017089
-14.744146538065053 -52.25171924112965
-17.887460897065324 -41.50611549396697
-19.448367159492165 -30.17793543747993
-19.39849666423325 -18.683797721281252
-20.09775795818581 -7.344459089788614
-19.053935941484866 3.838238925366511
-18.54418534414009 15.194738134665727
-17.594590040154486 26.28876288619108
-16.008601457343303 37.49090208558778
-14.432313454029895 48.65530144236885
-11.303000418911267 59.345713625797885
-8.626158991208882 70.08728724115974
-4.645065942956961 80.52487758330494
0.8819099390109386 90.05679047627308
6.402409961411024 99.77907389026473
13.09720716907566 108.48174764518097
20.091222141943376 117.01835971171874
27.810765504694245 124.65531122604705
35.63091545384279 132.0080732200435
44.14707228716475 138.41674514782113
52.670395849136185 143.66409664715712

#Pigtail
-153.91510293180067 2.8421709430404007E-14
-144.72381597183147 4.249754830141711
-135.4115713014183 7.943001731103351
-125.87396574384894 10.021694220996807
-116.2162548990223 12.355926035102556
-106.66196311245051 15.059539260036985
-97.08374306917763 17.702900711645867
-87.36878568323695 19.868440618198917
-77.67470721605766 21.961006420410854
-67.85764278416137 23.760126505235604
-58.02179150320946 25.31153761064772
-48.14601767437449 26.565501357823223
-38.296521854257804 27.810399783675223
-28.49315830597652 28.231324647676246
-18.653521430753614 27.27952563572609
-8.92163976728338 25.689195286007646
0.5190937881845059 22.786475932042066
9.787627489400478 19.15566862838139
18.589193613894963 14.332799882701721
26.639796282524117 8.506345807671465
34.27127196383364 1.6181614819620336
41.311869059796464 -5.697790125546419
47.133946817134984 -14.365959521578475
52.01170327818468 -23.753709743105702
56.23084121605379 -33.60711847430454
60.07868158033281 -43.7584533674989
62.885834114822984 -54.10076127860256
63.352007887159004 -64.42466463425481
61.54099468655372 -74.57277523196763
56.93248582496298 -84.1940202095625
50.86771713789747 -92.36356265541068
44.34832536667767 -100.34190621275067
37.866988041392005 -107.49685133052203
29.58985844873149 -112.96968557015153
20.61080663209185 -116.64744678403822
12.476367305006676 -112.43637016639249
5.259299142069125 -105.32945188489838
-1.156546594333264 -97.25682674275734
-6.275929405547686 -88.13966699039585
-10.563539268154244 -78.2910518368956
-13.374474922552139 -67.9494381530186
-14.360169540676537 -57.11706154376614
-15.072540126699124 -46.33584195194467
-15.689958103083626 -35.48524534019117
-14.674077034098786 -24.58904354901557
-13.003273206754756 -14.037142414319533
-11.01313877817077 -3.5084695621125093
-7.9053439926743465 6.923852018253484
-4.887008085213267 17.285694092781767
-0.9237584995157988 27.165352649777645
3.7781435894059143 36.79065808135479
8.960566483496109 46.027595938195276
14.742011999563431 54.72378250021856
20.72042830292702 63.42323990096898
27.398788043544556 71.55644012013406
33.536216146318594 80.20048174075706
40.476871693778065 88.06858110606547
47.87450270538031 95.42381126036346
55.48029173672401 102.28941958777202
62.99067461639592 109.47634489361198
71.11429821355603 115.79735206934183
79.31576951284791 121.9244398947412
87.44179101749057 128.1313898175146
96.08489706819933 133.3525532159617

#Pigtail
-131.81792916542108 -2.2737367544323206E-13
-125.78083996013754 4.647430717637235
-119.03704403736141 8.641654441311289
-112.02765918427033 11.548552050943044
-104.86883138037392 12.949632604987642
-97.7100035764775 14.350713159032239
-90.5511757725811 15.751793713076836
-83.39234796868472 17.152874267121433
-76.23352016478832 18.55395482116603
-69.07469236089192 19.95503537521074
-61.915864556995515 21.35611592925534
-54.757036753099115 22.757196483299822
-47.59820894920273 24.158277037344533
-40.46893806421747 24.018507812078724
-33.316708905178075 24.841231976291624
-26.22085689635766 24.027771729237088
-19.19688054532213 20.537821610214678
-12.12060750632972 19.328147555641976
-5.274055384165024 14.540168443847847
1.5083469570141972 9.338140738218954
8.316733336946726 2.7406069556095645
14.506827114600526 -6.0303634524718746
20.589234518969704 -16.149300555267132
26.3346784691295 -27.26157865834307
31.326016086736075 -41.19674528261237
35.500611278728854 -57.10673076428236
39.3464056583056 -73.6014523394092
41.698111142997135 -93.27020472324477
42.21195531162684 -115.14537563455156
39.4526262380553 -129.3580828326206
33.80555640586317 -136.4423771247507
26.648620082236306 -137.8092677241708
19.734160255277118 -134.7932099248996
12.704515869571651 -133.85920124894153
5.685366196907552 -132.73549259648496
-1.2352649608461377 -131.01982463596596
-8.24626039938704 -129.74872195611272
-13.205617266024944 -121.21353373058787
-15.720441310685544 -104.19950295419852
-18.087659782308094 -84.48947744661723
-18.922280137796434 -62.88121196739439
-19.378998721935886 -40.91999827014081
-17.706975708302707 -21.761180063502707
-14.679300674213295 -3.30815975424116
-10.332896269637331 11.916124020981897
-5.313098342777067 26.765920031170253
0.5384285410823111 37.830004165779656
6.944941607167635 47.252238920610466
13.543893824242673 55.6223436526335
20.34122329644046 62.53095049583362
27.03926955705569 70.19830708544168
34.03316142760323 74.68738169827816
40.776362273618076 82.08077117480491
47.79046051382409 85.96444723813772
54.67317756847467 91.76120439956526
61.67164650612622 96.20103070104324
68.60018302477732 101.1643511809591
75.69296908341707 103.55039063797108
82.77065421517912 106.4706555466779
89.83633565046406 109.38857116773988
96.99516345436047 110.7896517217846
104.15399125825692 112.19073227582919
111.23829714613484 111.01446122682182
118.18207083457892 105.72582887720012

#Circle
-112.16425684353956 0.0
-108.5246275636529 10.550260548742756
-107.28623144823561 23.090484270331558
-106.08700126819616 35.0926746048832
-105.21669642177844 47.05834531803151
-100.96572577294538 56.38884318319441
-94.04951227725027 66.06930733235055
-87.38391970062548 75.7381453329067
-79.65202739596987 85.67372545494015
-71.64755766707802 95.29393932099117
-63.5675300948713 104.77331919306135
-53.026922767220015 111.61152605661277
-41.611665273622776 117.52413973754875
-30.087187381025103 123.00585729821847
-18.1588506823023 125.62264540219599
-5.940848830733614 125.73642309504459
5.7186432358120385 122.72971549300064
16.994043429935203 118.51180322905361
28.38872657693807 112.9241204062468
39.49275947312239 106.76189616535805
49.93359937085174 99.63953678600211
59.90106411056652 91.93226372736109
69.61341388485195 83.80040998320419
78.27803317993622 74.97455377465036
86.3151187549822 65.40436955726307
93.65063664890695 55.231840840871826
100.31525273246731 44.39815613007187
106.94920294527097 33.62328291467668
112.8815854769534 22.246065200277485
118.8139680086359 10.868847485878177
123.84857201881547 -0.7344184524574757
126.6652298078508 -12.997984638671653
127.28876565188651 -24.862476156042305
127.2826381032381 -37.34694360759934
124.79395669436875 -49.409836685112566
119.8073727760794 -60.31946669322156
113.41972242085754 -70.5250381095644
105.09532526825129 -79.79855096194342
95.43413496447866 -87.83941773310826
85.86385990447158 -95.9854714988249
75.56640404826325 -103.1913577913947
64.75550499524329 -109.80320127542348
53.34024750164602 -115.71581495635945
41.64831035861934 -120.53687258561587
29.80308712546443 -122.84574657016722
17.99641296240023 -124.26357690495541
6.318636695959441 -123.24940331546176
-4.238164624741586 -120.26905171954476
-15.407106725628296 -115.73957424504079
-25.611924597759014 -109.86060778678035
-34.95137136457066 -103.28019169528076
-44.04660545938344 -95.44068854611973
-52.71670766228553 -86.73994632109037
-61.41199282812656 -77.85527861713183
-68.67347676096847 -67.82473341057008
-76.48326715335133 -58.2011931221561
-83.70558387194026 -48.05999969903891
-89.89172658096936 -36.87114679124187
-95.8241091126518 -25.493929076842676
-102.38402536437255 -14.861039371276888
-108.31640789605495 -3.4838216568776375
-114.24879042773742 7.8933960575215
-120.18117295941983 19.27061377192075
-122.71123434811349 29.966272322501766

#Circle
-128.37297740410685 0.0
-125.86870501360517 14.442368072121326
-123.9237145472122 29.29427838549327
-121.3898461294377 43.96264116056187
-118.28467045905677 58.31328687472046
-115.5420668015019 72.86280338642621
-111.84582000128162 87.05504038646455
-103.9987418465083 95.32885778078372
-92.01279036874575 96.59261296939735
-79.93916606305409 98.5065893467721
-67.68018301792937 100.98467855534909
-55.425050665772545 103.26211182856247
-43.03429349919074 104.23811729690073
-30.672696149445215 105.46305648559763
-18.281642685690827 107.11809871728326
-5.961159459262319 109.3396415829177
6.264609503833412 110.44420436848446
18.519765982942403 113.05213772652337
30.881027863580442 114.52989390343032
43.28381441593962 115.97388200767188
55.5416314811049 117.1820732435109
67.93951784680885 116.60848971881677
80.3269014894135 115.01239784070884
92.48234996287567 111.99060747333033
102.01200705498383 103.6846551370403
107.42803153814259 91.20342599074036
110.7288883698161 76.99083951862372
113.51899271814949 62.589679563190714
115.47445715632836 48.08288454328198
118.27151302756943 33.61768966393703
119.49614848921647 18.670837414782852
120.83938962449338 3.98023278917384
121.50110449678658 -10.85169633493669
121.40358530659512 -25.78367116724175
121.62702259589315 -40.62179207833651
119.94648052319201 -55.48423435905784
118.00149005679901 -70.33614467242973
114.67744367987865 -84.51335443216755
106.88550972559625 -96.1484196352379
96.90769452824856 -104.8629637976502
85.8106573385657 -111.65691619739769
74.66355909404618 -117.30589973424398
63.54344234556413 -123.20816763186309
51.518981717957786 -127.2631590481015
39.62365836725027 -130.7763863849396
27.514649751124807 -132.59218171094963
15.26075539582152 -132.81792675648913
2.879717251070815 -132.69236731576183
-9.510839140460803 -130.36100921896366
-21.89822278306542 -128.7649173408558
-33.81856333845823 -125.0526947028971
-44.783395980308484 -118.86745703908585
-55.24268826667239 -110.72670273524523
-64.63662908656391 -101.02819989471405
-72.81830257794664 -90.26925630086069
-79.72491748324136 -78.55767801940473
-86.72379567559652 -66.68378902943513
-93.44456143649028 -54.84388961063499
-100.491597382788 -42.96335834947686
-106.62836003849456 -30.527267274171294
-110.96488418206536 -18.179236139590614
-116.42677272982357 -7.540098492716766
-121.0089434437662 4.74933118487786
-124.4188010420462 16.153390487375873

#Circle
-131.3474960332909 2.2737367544323206E-13
-119.02977616262342 5.857868838730383
-114.13936297697569 17.03667856731977
-107.19591616002936 29.002845952762527
-97.98922366590512 39.34572723400629
-89.02535852656581 49.01552482597913
-82.00303294831497 60.892040082058884
-74.98070737006424 72.76855533813864
-66.14590875196006 83.37254160094653
-56.9411831423306 92.93016433712137
-47.712965698955145 100.23999368894874
-41.668853612684984 109.04624369648332
-34.032688847862005 117.1042833761644
-21.714968977194303 122.96215221489456
-13.252632204526776 118.13343476908449
-0.9268003561896876 119.56860967350258
6.359184485476703 111.4792081161329
15.999810012276726 108.85520837444392
27.87562490851394 105.6591546152697
36.80226576548819 97.6722443718661
45.2661930196889 91.97638782426111
57.25874821956961 88.91413465056985
64.31884314625074 80.19859763378213
71.37893807293187 71.48306061699463
80.36672454861309 68.11081674247703
87.42681947529422 59.395279725689306
95.29350236331265 48.47031326185288
102.35359728999379 39.75477624506516
107.48600066767472 25.695946086007552
112.61840404535576 11.637115926949946
117.75080742303658 -2.421714232107661
118.20165569487278 -14.280373550214335
118.6525039667091 -26.139032868321237
114.42179713270048 -35.79752134547721
114.87264540453668 -47.65618066358411
113.64076647043669 -60.55437640790683
104.06879817894435 -69.53301529554551
101.1141885199662 -79.7912258161773
91.54222022847375 -88.76986470381621
81.9702519369813 -97.74850359145489
69.65253206631348 -103.60637243018505
57.334812195645895 -109.4642412689152
45.01709232497808 -115.32211010764536
32.69937245431038 -121.1799789463754
20.381652583642676 -127.03784778510555
11.919315810975263 -122.20913033929583
3.456979038307736 -117.38041289348598
-5.005357734359677 -112.55169544767637
-13.958194321147289 -109.08257533704818
-22.945980796828508 -105.71033146253058
-31.933767272509726 -102.33808758801297
-40.78239637402919 -98.58011880670688
-48.788236636209376 -88.04087724965893
-55.84833156289051 -79.32534023287099
-63.715014450908825 -68.40037376903456
-68.84741782858987 -54.34154360997718
-73.9798212062708 -40.282713450919346
-81.84650409428923 -29.35774698708269
-88.48139796501414 -17.020979400912665
-94.84559035998859 -4.373950364188659
-101.90568528666972 4.341586652599062
-107.03808866435077 18.40041681165644
-112.1704920420317 32.45924697071405
-117.30289541971229 46.51807712977052